2025-11-09 01:24:52.986 [00013860] [T] LiveUpdateChecker.App::App()
2025-11-09 01:24:53.035 [00013860] [T] LiveUpdateChecker.App::LoadResource()
2025-11-09 01:24:53.418 [00013860] [T] LiveUpdateChecker.App::IsSingleInstance()
2025-11-09 01:24:53.419 [00013860] [T] LiveUpdateChecker.SingleInstance::SingleInstance()
2025-11-09 01:24:53.845 [00013860] [T] LiveUpdateChecker.MainWindow::MainWindow()
2025-11-09 01:24:54.520 [00013860] [T] LiveUpdateChecker.MainWindow::Window_Initialized()
2025-11-09 01:24:54.533 [00013860] [T] LiveUpdateChecker.MainWindow::Hola()
2025-11-09 01:24:54.533 [00013860] [D] LiveUpdateChecker.MainWindow::Hola(): ACCHOLA()
2025-11-09 01:24:54.535 [00013860] [I] ACCHOLA::Program Initialization()
2025-11-09 01:24:54.539 [00013860] [I] ACCHOLA:GetSerialNumber()
2025-11-09 01:24:54.540 [00013860] [I] ACCHOLA:Get_WMI_Info()
2025-11-09 01:24:54.597 [00013860] [I] ACCHOLA:GetMachineType()
2025-11-09 01:24:54.712 [00013860] [I] ACCHOLA:ReadIni()
2025-11-09 01:24:54.712 [00013860] [I] ACCHOLA:ReadIni()::iniPath::C:\ProgramData\Acer\CareCenter\HOLA.ini
2025-11-09 01:24:54.717 [00013860] [I] ACCHOLA::Program Initialization(): No need to be checked HOLA AD Data.
2025-11-09 01:24:54.720 [00013860] [T] LiveUpdateChecker.MainWindow::InitializeCheckUpdates()
2025-11-09 01:24:54.721 [00013860] [T] LiveUpdater.UpdaterEnvironment::UpdaterEnvironment()
2025-11-09 01:24:54.735 [00013860] [T] LiveUpdater.UpdaterEnvironment::GetOSCode()
2025-11-09 01:24:54.735 [00013860] [D] LiveUpdater.UpdaterEnvironment::GetOSCode(): Version: 10.0.26100.0
2025-11-09 01:24:54.735 [00013860] [D] LiveUpdater.UpdaterEnvironment::GetOSCode(): Major Version: 10
2025-11-09 01:24:54.735 [00013860] [D] LiveUpdater.UpdaterEnvironment::GetOSCode(): Minor Version: 0
2025-11-09 01:24:54.770 [00013860] [D] LiveUpdater.UpdaterEnvironment::GetOSCode(): Can't find the matched OS code.
2025-11-09 01:24:54.770 [00013860] [D] LiveUpdater.UpdaterEnvironment::UpdaterEnvironment(): OS: 10M1
2025-11-09 01:24:54.772 [00013860] [T] LiveUpdater.UpdaterEnvironment::GetSupportedLangID()
2025-11-09 01:24:54.772 [00013860] [D] LiveUpdater.UpdaterEnvironment::UpdaterEnvironment(): Language: ES
2025-11-09 01:24:54.773 [00013860] [T] LiveUpdater.UpdaterEnvironment::GetModel()
2025-11-09 01:24:54.789 [00013860] [D] LiveUpdater.UpdaterEnvironment::UpdaterEnvironment(): Model: Aspire A315-59
2025-11-09 01:24:54.792 [00013860] [T] LiveUpdater.UpdaterEnvironment::GetBrand()
2025-11-09 01:24:54.792 [00013860] [D] LiveUpdater.UpdaterEnvironment::UpdaterEnvironment(): Brand: Acer
2025-11-09 01:24:54.794 [00013860] [T] LiveUpdater.UpdaterEnvironment::GetUpdaterVer()
2025-11-09 01:24:54.795 [00013860] [D] LiveUpdater.UpdaterEnvironment::UpdaterEnvironment(): ACC Version: ACC_4.00.3054
2025-11-09 01:24:54.796 [00013860] [T] LiveUpdater.UpdaterEnvironment::GetUpdaterDwordVer()
2025-11-09 01:24:54.796 [00013860] [D] LiveUpdater.UpdaterEnvironment::UpdaterEnvironment(): ACC DWORD Version: 67111918
2025-11-09 01:24:54.797 [00013860] [T] LiveUpdater.UpdaterEnvironment::GetSN()
2025-11-09 01:24:55.813 [00013860] [D] LiveUpdater.UpdaterEnvironment::UpdaterEnvironment(): SN: NXK6TAL019416025803400
2025-11-09 01:24:55.814 [00013860] [T] LiveUpdater.UpdaterEnvironment::GetKeyDim()
2025-11-09 01:24:55.814 [00013860] [D] LiveUpdater.UpdaterEnvironment::UpdaterEnvironment(): Local Directory: C:\ProgramData\Acer\updater2
2025-11-09 01:24:55.814 [00013860] [D] LiveUpdater.UpdaterEnvironment::UpdaterEnvironment(): FP URL: https://aluwsv2.acer.com/ServerInfo/ES/Aspire A315-59/Aspire A315-59_10M1_ES.xml
2025-11-09 01:24:55.814 [00013860] [D] LiveUpdater.UpdaterEnvironment::UpdaterEnvironment(): AP URL: https://aluwsv2.acer.com/ServerInfo/ES/ALU_APP/ALU_APP_10M1_ES.xml
2025-11-09 01:24:55.816 [00013860] [T] LiveUpdater.UpdaterEnvironment::GenPubkey()
2025-11-09 01:24:55.822 [00013860] [T] LiveUpdater.UpdaterEnvironment::GetMetaFile()
2025-11-09 01:24:55.824 [00013860] [T] LiveUpdater.UpdaterEnvironment::GetLastBootUpTime()
2025-11-09 01:24:56.041 [00013860] [D] LiveUpdate.FUB::GetFUBString()
2025-11-09 01:24:56.042 [00013860] [D] Jattt
2025-11-09 01:24:56.042 [00013860] [D] LiveUpdater.UpdaterEnvironment::UpdaterEnvironment(): FUBDLR = [FUB],FUB=IYY59,
2025-11-09 01:24:56.042 [00013860] [T] LiveUpdater.UpdaterEnvironment::GetLastBootUpTime()
2025-11-09 01:24:56.225 [00013860] [D] LiveUpdateChecker.MainWindow::InitializeCheckUpdates(): No need to be checked.
2025-11-09 01:24:56.225 [00013860] [T] LiveUpdateChecker.MainWindow::Close()
2025-11-09 01:24:56.295 [00012544] [T] LiveUpdateChecker.SingleInstance::ReleaseMutex()
2025-11-09 01:24:56.310 [00012544] [T] LiveUpdateChecker.SingleInstance::ReleaseMutex(), Exception: System.ApplicationException: El método de sincronización del objeto se ha llamado desde un bloque de códigos sin sincronizar.
   en System.Threading.Mutex.ReleaseMutex()
   en Acer.CareCenter.LiveUpdateChecker.SingleInstance.ReleaseMutex()
