2025-11-06 18:11:52.593 [00015084] [T] LiveUpdateChecker.App::App()
2025-11-06 18:11:52.595 [00015084] [T] LiveUpdateChecker.App::LoadResource()
2025-11-06 18:11:52.608 [00015084] [T] LiveUpdateChecker.App::IsSingleInstance()
2025-11-06 18:11:52.608 [00015084] [T] LiveUpdateChecker.SingleInstance::SingleInstance()
2025-11-06 18:11:52.645 [00015084] [T] LiveUpdateChecker.MainWindow::MainWindow()
2025-11-06 18:11:52.737 [00015084] [T] LiveUpdateChecker.MainWindow::Window_Initialized()
2025-11-06 18:11:52.748 [00015084] [T] LiveUpdateChecker.MainWindow::Hola()
2025-11-06 18:11:52.748 [00015084] [D] LiveUpdateChecker.MainWindow::Hola(): ACCHOLA()
2025-11-06 18:11:52.749 [00015084] [I] ACCHOLA::Program Initialization()
2025-11-06 18:11:52.753 [00015084] [I] ACCHOLA:GetSerialNumber()
2025-11-06 18:11:52.753 [00015084] [I] ACCHOLA:Get_WMI_Info()
2025-11-06 18:11:52.791 [00015084] [I] ACCHOLA:GetMachineType()
2025-11-06 18:11:52.845 [00015084] [I] ACCHOLA:ReadIni()
2025-11-06 18:11:52.845 [00015084] [I] ACCHOLA:ReadIni()::iniPath::C:\ProgramData\Acer\CareCenter\HOLA.ini
2025-11-06 18:11:52.847 [00015084] [I] ACCHOLA::Program Initialization(): No need to be checked HOLA AD Data.
2025-11-06 18:11:52.848 [00015084] [T] LiveUpdateChecker.MainWindow::InitializeCheckUpdates()
2025-11-06 18:11:52.849 [00015084] [T] LiveUpdater.UpdaterEnvironment::UpdaterEnvironment()
2025-11-06 18:11:52.851 [00015084] [T] LiveUpdater.UpdaterEnvironment::GetOSCode()
2025-11-06 18:11:52.851 [00015084] [D] LiveUpdater.UpdaterEnvironment::GetOSCode(): Version: 10.0.26100.0
2025-11-06 18:11:52.851 [00015084] [D] LiveUpdater.UpdaterEnvironment::GetOSCode(): Major Version: 10
2025-11-06 18:11:52.851 [00015084] [D] LiveUpdater.UpdaterEnvironment::GetOSCode(): Minor Version: 0
2025-11-06 18:11:52.853 [00015084] [D] LiveUpdater.UpdaterEnvironment::GetOSCode(): Can't find the matched OS code.
2025-11-06 18:11:52.853 [00015084] [D] LiveUpdater.UpdaterEnvironment::UpdaterEnvironment(): OS: 10M1
2025-11-06 18:11:52.853 [00015084] [T] LiveUpdater.UpdaterEnvironment::GetSupportedLangID()
2025-11-06 18:11:52.854 [00015084] [D] LiveUpdater.UpdaterEnvironment::UpdaterEnvironment(): Language: ES
2025-11-06 18:11:52.854 [00015084] [T] LiveUpdater.UpdaterEnvironment::GetModel()
2025-11-06 18:11:52.869 [00015084] [D] LiveUpdater.UpdaterEnvironment::UpdaterEnvironment(): Model: Aspire A315-59
2025-11-06 18:11:52.871 [00015084] [T] LiveUpdater.UpdaterEnvironment::GetBrand()
2025-11-06 18:11:52.871 [00015084] [D] LiveUpdater.UpdaterEnvironment::UpdaterEnvironment(): Brand: Acer
2025-11-06 18:11:52.873 [00015084] [T] LiveUpdater.UpdaterEnvironment::GetUpdaterVer()
2025-11-06 18:11:52.874 [00015084] [D] LiveUpdater.UpdaterEnvironment::UpdaterEnvironment(): ACC Version: ACC_4.00.3054
2025-11-06 18:11:52.874 [00015084] [T] LiveUpdater.UpdaterEnvironment::GetUpdaterDwordVer()
2025-11-06 18:11:52.874 [00015084] [D] LiveUpdater.UpdaterEnvironment::UpdaterEnvironment(): ACC DWORD Version: 67111918
2025-11-06 18:11:52.875 [00015084] [T] LiveUpdater.UpdaterEnvironment::GetSN()
2025-11-06 18:11:53.899 [00015084] [D] LiveUpdater.UpdaterEnvironment::UpdaterEnvironment(): SN: NXK6TAL019416025803400
2025-11-06 18:11:53.900 [00015084] [T] LiveUpdater.UpdaterEnvironment::GetKeyDim()
2025-11-06 18:11:53.900 [00015084] [D] LiveUpdater.UpdaterEnvironment::UpdaterEnvironment(): Local Directory: C:\ProgramData\Acer\updater2
2025-11-06 18:11:53.900 [00015084] [D] LiveUpdater.UpdaterEnvironment::UpdaterEnvironment(): FP URL: https://aluwsv2.acer.com/ServerInfo/ES/Aspire A315-59/Aspire A315-59_10M1_ES.xml
2025-11-06 18:11:53.900 [00015084] [D] LiveUpdater.UpdaterEnvironment::UpdaterEnvironment(): AP URL: https://aluwsv2.acer.com/ServerInfo/ES/ALU_APP/ALU_APP_10M1_ES.xml
2025-11-06 18:11:53.901 [00015084] [T] LiveUpdater.UpdaterEnvironment::GenPubkey()
2025-11-06 18:11:53.905 [00015084] [T] LiveUpdater.UpdaterEnvironment::GetMetaFile()
2025-11-06 18:11:53.906 [00015084] [T] LiveUpdater.UpdaterEnvironment::GetLastBootUpTime()
2025-11-06 18:11:54.054 [00015084] [D] LiveUpdate.FUB::GetFUBString()
2025-11-06 18:11:54.055 [00015084] [D] Jattt
2025-11-06 18:11:54.055 [00015084] [D] LiveUpdater.UpdaterEnvironment::UpdaterEnvironment(): FUBDLR = [FUB],FUB=IYY59,
2025-11-06 18:11:54.055 [00015084] [T] LiveUpdater.UpdaterEnvironment::GetLastBootUpTime()
2025-11-06 18:11:54.186 [00015084] [D] LiveUpdateChecker.MainWindow::InitializeCheckUpdates(): No need to be checked.
2025-11-06 18:11:54.186 [00015084] [T] LiveUpdateChecker.MainWindow::Close()
2025-11-06 18:11:54.225 [00011208] [T] LiveUpdateChecker.SingleInstance::ReleaseMutex()
2025-11-06 18:11:54.235 [00011208] [T] LiveUpdateChecker.SingleInstance::ReleaseMutex(), Exception: System.ApplicationException: El método de sincronización del objeto se ha llamado desde un bloque de códigos sin sincronizar.
   en System.Threading.Mutex.ReleaseMutex()
   en Acer.CareCenter.LiveUpdateChecker.SingleInstance.ReleaseMutex()
