2025-11-10 05:21:51.461 [00016636] [T] LiveUpdateChecker.App::App()
2025-11-10 05:21:51.467 [00016636] [T] LiveUpdateChecker.App::LoadResource()
2025-11-10 05:21:51.500 [00016636] [T] LiveUpdateChecker.App::IsSingleInstance()
2025-11-10 05:21:51.502 [00016636] [T] LiveUpdateChecker.SingleInstance::SingleInstance()
2025-11-10 05:21:51.595 [00016636] [T] LiveUpdateChecker.MainWindow::MainWindow()
2025-11-10 05:21:51.891 [00016636] [T] LiveUpdateChecker.MainWindow::Window_Initialized()
2025-11-10 05:21:51.916 [00016636] [T] LiveUpdateChecker.MainWindow::Hola()
2025-11-10 05:21:51.916 [00016636] [D] LiveUpdateChecker.MainWindow::Hola(): ACCHOLA()
2025-11-10 05:21:51.920 [00016636] [I] ACCHOLA::Program Initialization()
2025-11-10 05:21:51.930 [00016636] [I] ACCHOLA:GetSerialNumber()
2025-11-10 05:21:51.931 [00016636] [I] ACCHOLA:Get_WMI_Info()
2025-11-10 05:21:52.024 [00016636] [I] ACCHOLA:GetMachineType()
2025-11-10 05:21:52.220 [00016636] [I] ACCHOLA:ReadIni()
2025-11-10 05:21:52.220 [00016636] [I] ACCHOLA:ReadIni()::iniPath::C:\ProgramData\Acer\CareCenter\HOLA.ini
2025-11-10 05:21:52.228 [00016636] [I] ACCHOLA::Program Initialization(): No need to be checked HOLA AD Data.
2025-11-10 05:21:52.235 [00016636] [T] LiveUpdateChecker.MainWindow::InitializeCheckUpdates()
2025-11-10 05:21:52.237 [00016636] [T] LiveUpdater.UpdaterEnvironment::UpdaterEnvironment()
2025-11-10 05:21:52.254 [00016636] [T] LiveUpdater.UpdaterEnvironment::GetOSCode()
2025-11-10 05:21:52.254 [00016636] [D] LiveUpdater.UpdaterEnvironment::GetOSCode(): Version: 10.0.26100.0
2025-11-10 05:21:52.254 [00016636] [D] LiveUpdater.UpdaterEnvironment::GetOSCode(): Major Version: 10
2025-11-10 05:21:52.254 [00016636] [D] LiveUpdater.UpdaterEnvironment::GetOSCode(): Minor Version: 0
2025-11-10 05:21:52.275 [00016636] [D] LiveUpdater.UpdaterEnvironment::GetOSCode(): Can't find the matched OS code.
2025-11-10 05:21:52.275 [00016636] [D] LiveUpdater.UpdaterEnvironment::UpdaterEnvironment(): OS: 10M1
2025-11-10 05:21:52.276 [00016636] [T] LiveUpdater.UpdaterEnvironment::GetSupportedLangID()
2025-11-10 05:21:52.276 [00016636] [D] LiveUpdater.UpdaterEnvironment::UpdaterEnvironment(): Language: ES
2025-11-10 05:21:52.278 [00016636] [T] LiveUpdater.UpdaterEnvironment::GetModel()
2025-11-10 05:21:52.301 [00016636] [D] LiveUpdater.UpdaterEnvironment::UpdaterEnvironment(): Model: Aspire A315-59
2025-11-10 05:21:52.304 [00016636] [T] LiveUpdater.UpdaterEnvironment::GetBrand()
2025-11-10 05:21:52.304 [00016636] [D] LiveUpdater.UpdaterEnvironment::UpdaterEnvironment(): Brand: Acer
2025-11-10 05:21:52.307 [00016636] [T] LiveUpdater.UpdaterEnvironment::GetUpdaterVer()
2025-11-10 05:21:52.308 [00016636] [D] LiveUpdater.UpdaterEnvironment::UpdaterEnvironment(): ACC Version: ACC_4.00.3054
2025-11-10 05:21:52.313 [00016636] [T] LiveUpdater.UpdaterEnvironment::GetUpdaterDwordVer()
2025-11-10 05:21:52.314 [00016636] [D] LiveUpdater.UpdaterEnvironment::UpdaterEnvironment(): ACC DWORD Version: 67111918
2025-11-10 05:21:52.315 [00016636] [T] LiveUpdater.UpdaterEnvironment::GetSN()
2025-11-10 05:21:53.347 [00016636] [D] LiveUpdater.UpdaterEnvironment::UpdaterEnvironment(): SN: NXK6TAL019416025803400
2025-11-10 05:21:53.347 [00016636] [T] LiveUpdater.UpdaterEnvironment::GetKeyDim()
2025-11-10 05:21:53.348 [00016636] [D] LiveUpdater.UpdaterEnvironment::UpdaterEnvironment(): Local Directory: C:\ProgramData\Acer\updater2
2025-11-10 05:21:53.348 [00016636] [D] LiveUpdater.UpdaterEnvironment::UpdaterEnvironment(): FP URL: https://aluwsv2.acer.com/ServerInfo/ES/Aspire A315-59/Aspire A315-59_10M1_ES.xml
2025-11-10 05:21:53.348 [00016636] [D] LiveUpdater.UpdaterEnvironment::UpdaterEnvironment(): AP URL: https://aluwsv2.acer.com/ServerInfo/ES/ALU_APP/ALU_APP_10M1_ES.xml
2025-11-10 05:21:53.350 [00016636] [T] LiveUpdater.UpdaterEnvironment::GenPubkey()
2025-11-10 05:21:53.356 [00016636] [T] LiveUpdater.UpdaterEnvironment::GetMetaFile()
2025-11-10 05:21:53.357 [00016636] [T] LiveUpdater.UpdaterEnvironment::GetLastBootUpTime()
2025-11-10 05:21:53.525 [00016636] [D] LiveUpdate.FUB::GetFUBString()
2025-11-10 05:21:53.526 [00016636] [D] Jattt
2025-11-10 05:21:53.526 [00016636] [D] LiveUpdater.UpdaterEnvironment::UpdaterEnvironment(): FUBDLR = [FUB],FUB=IYY59,
2025-11-10 05:21:53.526 [00016636] [T] LiveUpdater.UpdaterEnvironment::GetLastBootUpTime()
2025-11-10 05:21:53.645 [00016636] [D] LiveUpdateChecker.MainWindow::InitializeCheckUpdates(): No need to be checked.
2025-11-10 05:21:53.645 [00016636] [T] LiveUpdateChecker.MainWindow::Close()
2025-11-10 05:21:53.695 [00026516] [T] LiveUpdateChecker.SingleInstance::ReleaseMutex()
2025-11-10 05:21:53.703 [00026516] [T] LiveUpdateChecker.SingleInstance::ReleaseMutex(), Exception: System.ApplicationException: El método de sincronización del objeto se ha llamado desde un bloque de códigos sin sincronizar.
   en System.Threading.Mutex.ReleaseMutex()
   en Acer.CareCenter.LiveUpdateChecker.SingleInstance.ReleaseMutex()
