2025-11-30 19:26:13.105 [00021632] [T] LiveUpdateChecker.App::App()
2025-11-30 19:26:13.110 [00021632] [T] LiveUpdateChecker.App::LoadResource()
2025-11-30 19:26:13.139 [00021632] [T] LiveUpdateChecker.App::IsSingleInstance()
2025-11-30 19:26:13.141 [00021632] [T] LiveUpdateChecker.SingleInstance::SingleInstance()
2025-11-30 19:26:13.227 [00021632] [T] LiveUpdateChecker.MainWindow::MainWindow()
2025-11-30 19:26:13.440 [00021632] [T] LiveUpdateChecker.MainWindow::Window_Initialized()
2025-11-30 19:26:13.456 [00021632] [T] LiveUpdateChecker.MainWindow::Hola()
2025-11-30 19:26:13.457 [00021632] [D] LiveUpdateChecker.MainWindow::Hola(): ACCHOLA()
2025-11-30 19:26:13.460 [00021632] [I] ACCHOLA::Program Initialization()
2025-11-30 19:26:13.469 [00021632] [I] ACCHOLA:GetSerialNumber()
2025-11-30 19:26:13.471 [00021632] [I] ACCHOLA:Get_WMI_Info()
2025-11-30 19:26:13.546 [00021632] [I] ACCHOLA:GetMachineType()
2025-11-30 19:26:13.662 [00021632] [I] ACCHOLA:ReadIni()
2025-11-30 19:26:13.662 [00021632] [I] ACCHOLA:ReadIni()::iniPath::C:\ProgramData\Acer\CareCenter\HOLA.ini
2025-11-30 19:26:13.695 [00021632] [I] ACCHOLA::Program Initialization(): No need to be checked HOLA AD Data.
2025-11-30 19:26:13.698 [00021632] [T] LiveUpdateChecker.MainWindow::InitializeCheckUpdates()
2025-11-30 19:26:13.701 [00021632] [T] LiveUpdater.UpdaterEnvironment::UpdaterEnvironment()
2025-11-30 19:26:13.708 [00021632] [T] LiveUpdater.UpdaterEnvironment::GetOSCode()
2025-11-30 19:26:13.708 [00021632] [D] LiveUpdater.UpdaterEnvironment::GetOSCode(): Version: 10.0.26200.0
2025-11-30 19:26:13.709 [00021632] [D] LiveUpdater.UpdaterEnvironment::GetOSCode(): Major Version: 10
2025-11-30 19:26:13.709 [00021632] [D] LiveUpdater.UpdaterEnvironment::GetOSCode(): Minor Version: 0
2025-11-30 19:26:13.720 [00021632] [D] LiveUpdater.UpdaterEnvironment::GetOSCode(): Can't find the matched OS code.
2025-11-30 19:26:13.720 [00021632] [D] LiveUpdater.UpdaterEnvironment::UpdaterEnvironment(): OS: 10M1
2025-11-30 19:26:13.722 [00021632] [T] LiveUpdater.UpdaterEnvironment::GetSupportedLangID()
2025-11-30 19:26:13.722 [00021632] [D] LiveUpdater.UpdaterEnvironment::UpdaterEnvironment(): Language: ES
2025-11-30 19:26:13.723 [00021632] [T] LiveUpdater.UpdaterEnvironment::GetModel()
2025-11-30 19:26:13.750 [00021632] [D] LiveUpdater.UpdaterEnvironment::UpdaterEnvironment(): Model: Aspire A315-59
2025-11-30 19:26:13.753 [00021632] [T] LiveUpdater.UpdaterEnvironment::GetBrand()
2025-11-30 19:26:13.754 [00021632] [D] LiveUpdater.UpdaterEnvironment::UpdaterEnvironment(): Brand: Acer
2025-11-30 19:26:13.757 [00021632] [T] LiveUpdater.UpdaterEnvironment::GetUpdaterVer()
2025-11-30 19:26:13.758 [00021632] [D] LiveUpdater.UpdaterEnvironment::UpdaterEnvironment(): ACC Version: ACC_4.00.3054
2025-11-30 19:26:13.760 [00021632] [T] LiveUpdater.UpdaterEnvironment::GetUpdaterDwordVer()
2025-11-30 19:26:13.760 [00021632] [D] LiveUpdater.UpdaterEnvironment::UpdaterEnvironment(): ACC DWORD Version: 67111918
2025-11-30 19:26:13.761 [00021632] [T] LiveUpdater.UpdaterEnvironment::GetSN()
2025-11-30 19:26:14.780 [00021632] [D] LiveUpdater.UpdaterEnvironment::UpdaterEnvironment(): SN: NXK6TAL019416025803400
2025-11-30 19:26:14.780 [00021632] [T] LiveUpdater.UpdaterEnvironment::GetKeyDim()
2025-11-30 19:26:14.780 [00021632] [D] LiveUpdater.UpdaterEnvironment::UpdaterEnvironment(): Local Directory: C:\ProgramData\Acer\updater2
2025-11-30 19:26:14.784 [00021632] [D] LiveUpdater.UpdaterEnvironment::UpdaterEnvironment(): FP URL: https://aluwsv2.acer.com/ServerInfo/ES/Aspire A315-59/Aspire A315-59_10M1_ES.xml
2025-11-30 19:26:14.784 [00021632] [D] LiveUpdater.UpdaterEnvironment::UpdaterEnvironment(): AP URL: https://aluwsv2.acer.com/ServerInfo/ES/ALU_APP/ALU_APP_10M1_ES.xml
2025-11-30 19:26:14.785 [00021632] [T] LiveUpdater.UpdaterEnvironment::GenPubkey()
2025-11-30 19:26:14.789 [00021632] [T] LiveUpdater.UpdaterEnvironment::GetMetaFile()
2025-11-30 19:26:14.790 [00021632] [T] LiveUpdater.UpdaterEnvironment::GetLastBootUpTime()
2025-11-30 19:26:14.921 [00021632] [D] LiveUpdate.FUB::GetFUBString()
2025-11-30 19:26:14.923 [00021632] [D] Jattt
2025-11-30 19:26:14.923 [00021632] [D] LiveUpdater.UpdaterEnvironment::UpdaterEnvironment(): FUBDLR = [FUB],FUB=IYY59,
2025-11-30 19:26:14.923 [00021632] [T] LiveUpdater.UpdaterEnvironment::GetLastBootUpTime()
2025-11-30 19:26:15.021 [00021632] [D] LiveUpdateChecker.MainWindow::InitializeCheckUpdates(): No need to be checked.
2025-11-30 19:26:15.022 [00021632] [T] LiveUpdateChecker.MainWindow::Close()
2025-11-30 19:26:15.061 [00008212] [T] LiveUpdateChecker.SingleInstance::ReleaseMutex()
2025-11-30 19:26:15.071 [00008212] [T] LiveUpdateChecker.SingleInstance::ReleaseMutex(), Exception: System.ApplicationException: El método de sincronización del objeto se ha llamado desde un bloque de códigos sin sincronizar.
   en System.Threading.Mutex.ReleaseMutex()
   en Acer.CareCenter.LiveUpdateChecker.SingleInstance.ReleaseMutex()
