2025-11-26 05:17:52.045 [00012124] [T] LiveUpdateChecker.App::App()
2025-11-26 05:17:52.051 [00012124] [T] LiveUpdateChecker.App::LoadResource()
2025-11-26 05:17:52.090 [00012124] [T] LiveUpdateChecker.App::IsSingleInstance()
2025-11-26 05:17:52.092 [00012124] [T] LiveUpdateChecker.SingleInstance::SingleInstance()
2025-11-26 05:17:52.196 [00012124] [T] LiveUpdateChecker.MainWindow::MainWindow()
2025-11-26 05:17:52.422 [00012124] [T] LiveUpdateChecker.MainWindow::Window_Initialized()
2025-11-26 05:17:52.442 [00012124] [T] LiveUpdateChecker.MainWindow::Hola()
2025-11-26 05:17:52.443 [00012124] [D] LiveUpdateChecker.MainWindow::Hola(): ACCHOLA()
2025-11-26 05:17:52.448 [00012124] [I] ACCHOLA::Program Initialization()
2025-11-26 05:17:52.458 [00012124] [I] ACCHOLA:GetSerialNumber()
2025-11-26 05:17:52.459 [00012124] [I] ACCHOLA:Get_WMI_Info()
2025-11-26 05:17:52.541 [00012124] [I] ACCHOLA:GetMachineType()
2025-11-26 05:17:52.707 [00012124] [I] ACCHOLA:ReadIni()
2025-11-26 05:17:52.707 [00012124] [I] ACCHOLA:ReadIni()::iniPath::C:\ProgramData\Acer\CareCenter\HOLA.ini
2025-11-26 05:17:52.737 [00012124] [I] ACCHOLA:Post()
2025-11-26 05:17:52.737 [00012124] [I] ACCHOLA:Url:https://hola.acer.com/?1_NX-ACC_V1
2025-11-26 05:17:52.763 [00012124] [I] ACCHOLA:PostRequestState()
2025-11-26 05:17:52.765 [00012124] [I] ACCHOLA:BuildStr_UserAgent_HOLA()
2025-11-26 05:17:52.766 [00012124] [I] ACCHOLA:GetStringSHA1HashCode()
2025-11-26 05:17:52.769 [00012124] [I] HOLA.FUB::GetFUBString()
2025-11-26 05:17:52.769 [00012124] [I] ACCHOLA:Post()::param::"IYY59","NXK6TAL019416025803400"
2025-11-26 05:17:53.098 [00012124] [I] ACCHOLA::ReadCallback()
2025-11-26 05:17:53.098 [00012124] [I] ACCHOLA:ReadCallback()::HttpWResponse
2025-11-26 05:17:53.188 [00012124] [I] ACCHOLA:ReadCallback()::StatCode::200
2025-11-26 05:17:53.188 [00012124] [I] ACCHOLA:ReadCallback()::Success send data
2025-11-26 05:17:53.188 [00012124] [I] ACCHOLA:ReadCallback()::Save lastUpdate Time::2025-11-26T05:17:53.1888881-06:00
2025-11-26 05:17:53.189 [00012124] [I] ACCHOLA:WriteIni()
2025-11-26 05:17:53.189 [00012124] [I] ACCHOLA:WriteIni()::iniPath::C:\ProgramData\Acer\CareCenter\HOLA.ini
2025-11-26 05:17:53.195 [00012124] [T] LiveUpdateChecker.MainWindow::InitializeCheckUpdates()
2025-11-26 05:17:53.197 [00012124] [T] LiveUpdater.UpdaterEnvironment::UpdaterEnvironment()
2025-11-26 05:17:53.207 [00012124] [T] LiveUpdater.UpdaterEnvironment::GetOSCode()
2025-11-26 05:17:53.207 [00012124] [D] LiveUpdater.UpdaterEnvironment::GetOSCode(): Version: 10.0.26200.0
2025-11-26 05:17:53.207 [00012124] [D] LiveUpdater.UpdaterEnvironment::GetOSCode(): Major Version: 10
2025-11-26 05:17:53.207 [00012124] [D] LiveUpdater.UpdaterEnvironment::GetOSCode(): Minor Version: 0
2025-11-26 05:17:53.242 [00012124] [D] LiveUpdater.UpdaterEnvironment::GetOSCode(): Can't find the matched OS code.
2025-11-26 05:17:53.242 [00012124] [D] LiveUpdater.UpdaterEnvironment::UpdaterEnvironment(): OS: 10M1
2025-11-26 05:17:53.243 [00012124] [T] LiveUpdater.UpdaterEnvironment::GetSupportedLangID()
2025-11-26 05:17:53.244 [00012124] [D] LiveUpdater.UpdaterEnvironment::UpdaterEnvironment(): Language: ES
2025-11-26 05:17:53.245 [00012124] [T] LiveUpdater.UpdaterEnvironment::GetModel()
2025-11-26 05:17:53.276 [00012124] [D] LiveUpdater.UpdaterEnvironment::UpdaterEnvironment(): Model: Aspire A315-59
2025-11-26 05:17:53.280 [00012124] [T] LiveUpdater.UpdaterEnvironment::GetBrand()
2025-11-26 05:17:53.281 [00012124] [D] LiveUpdater.UpdaterEnvironment::UpdaterEnvironment(): Brand: Acer
2025-11-26 05:17:53.285 [00012124] [T] LiveUpdater.UpdaterEnvironment::GetUpdaterVer()
2025-11-26 05:17:53.287 [00012124] [D] LiveUpdater.UpdaterEnvironment::UpdaterEnvironment(): ACC Version: ACC_4.00.3054
2025-11-26 05:17:53.289 [00012124] [T] LiveUpdater.UpdaterEnvironment::GetUpdaterDwordVer()
2025-11-26 05:17:53.289 [00012124] [D] LiveUpdater.UpdaterEnvironment::UpdaterEnvironment(): ACC DWORD Version: 67111918
2025-11-26 05:17:53.290 [00012124] [T] LiveUpdater.UpdaterEnvironment::GetSN()
2025-11-26 05:17:54.307 [00012124] [D] LiveUpdater.UpdaterEnvironment::UpdaterEnvironment(): SN: NXK6TAL019416025803400
2025-11-26 05:17:54.307 [00012124] [T] LiveUpdater.UpdaterEnvironment::GetKeyDim()
2025-11-26 05:17:54.308 [00012124] [D] LiveUpdater.UpdaterEnvironment::UpdaterEnvironment(): Local Directory: C:\ProgramData\Acer\updater2
2025-11-26 05:17:54.309 [00012124] [D] LiveUpdater.UpdaterEnvironment::UpdaterEnvironment(): FP URL: https://aluwsv2.acer.com/ServerInfo/ES/Aspire A315-59/Aspire A315-59_10M1_ES.xml
2025-11-26 05:17:54.309 [00012124] [D] LiveUpdater.UpdaterEnvironment::UpdaterEnvironment(): AP URL: https://aluwsv2.acer.com/ServerInfo/ES/ALU_APP/ALU_APP_10M1_ES.xml
2025-11-26 05:17:54.310 [00012124] [T] LiveUpdater.UpdaterEnvironment::GenPubkey()
2025-11-26 05:17:54.315 [00012124] [T] LiveUpdater.UpdaterEnvironment::GetMetaFile()
2025-11-26 05:17:54.317 [00012124] [T] LiveUpdater.UpdaterEnvironment::GetLastBootUpTime()
2025-11-26 05:17:54.442 [00012124] [D] LiveUpdate.FUB::GetFUBString()
2025-11-26 05:17:54.442 [00012124] [D] Jattt
2025-11-26 05:17:54.442 [00012124] [D] LiveUpdater.UpdaterEnvironment::UpdaterEnvironment(): FUBDLR = [FUB],FUB=IYY59,
2025-11-26 05:17:54.442 [00012124] [T] LiveUpdater.UpdaterEnvironment::GetLastBootUpTime()
2025-11-26 05:17:54.538 [00012124] [D] LiveUpdateChecker.MainWindow::InitializeCheckUpdates(): No need to be checked.
2025-11-26 05:17:54.538 [00012124] [T] LiveUpdateChecker.MainWindow::Close()
2025-11-26 05:17:54.588 [00017352] [T] LiveUpdateChecker.SingleInstance::ReleaseMutex()
2025-11-26 05:17:54.599 [00017352] [T] LiveUpdateChecker.SingleInstance::ReleaseMutex(), Exception: System.ApplicationException: El método de sincronización del objeto se ha llamado desde un bloque de códigos sin sincronizar.
   en System.Threading.Mutex.ReleaseMutex()
   en Acer.CareCenter.LiveUpdateChecker.SingleInstance.ReleaseMutex()
