2025-11-07 12:48:31.646 [00013736] [T] LiveUpdateChecker.App::App()
2025-11-07 12:48:31.650 [00013736] [T] LiveUpdateChecker.App::LoadResource()
2025-11-07 12:48:31.680 [00013736] [T] LiveUpdateChecker.App::IsSingleInstance()
2025-11-07 12:48:31.682 [00013736] [T] LiveUpdateChecker.SingleInstance::SingleInstance()
2025-11-07 12:48:31.767 [00013736] [T] LiveUpdateChecker.MainWindow::MainWindow()
2025-11-07 12:48:31.941 [00013736] [T] LiveUpdateChecker.MainWindow::Window_Initialized()
2025-11-07 12:48:31.977 [00013736] [T] LiveUpdateChecker.MainWindow::Hola()
2025-11-07 12:48:31.977 [00013736] [D] LiveUpdateChecker.MainWindow::Hola(): ACCHOLA()
2025-11-07 12:48:31.981 [00013736] [I] ACCHOLA::Program Initialization()
2025-11-07 12:48:31.991 [00013736] [I] ACCHOLA:GetSerialNumber()
2025-11-07 12:48:31.992 [00013736] [I] ACCHOLA:Get_WMI_Info()
2025-11-07 12:48:32.075 [00013736] [I] ACCHOLA:GetMachineType()
2025-11-07 12:48:32.201 [00013736] [I] ACCHOLA:ReadIni()
2025-11-07 12:48:32.201 [00013736] [I] ACCHOLA:ReadIni()::iniPath::C:\ProgramData\Acer\CareCenter\HOLA.ini
2025-11-07 12:48:32.208 [00013736] [I] ACCHOLA::Program Initialization(): No need to be checked HOLA AD Data.
2025-11-07 12:48:32.212 [00013736] [T] LiveUpdateChecker.MainWindow::InitializeCheckUpdates()
2025-11-07 12:48:32.215 [00013736] [T] LiveUpdater.UpdaterEnvironment::UpdaterEnvironment()
2025-11-07 12:48:32.222 [00013736] [T] LiveUpdater.UpdaterEnvironment::GetOSCode()
2025-11-07 12:48:32.223 [00013736] [D] LiveUpdater.UpdaterEnvironment::GetOSCode(): Version: 10.0.26100.0
2025-11-07 12:48:32.223 [00013736] [D] LiveUpdater.UpdaterEnvironment::GetOSCode(): Major Version: 10
2025-11-07 12:48:32.223 [00013736] [D] LiveUpdater.UpdaterEnvironment::GetOSCode(): Minor Version: 0
2025-11-07 12:48:32.232 [00013736] [D] LiveUpdater.UpdaterEnvironment::GetOSCode(): Can't find the matched OS code.
2025-11-07 12:48:32.232 [00013736] [D] LiveUpdater.UpdaterEnvironment::UpdaterEnvironment(): OS: 10M1
2025-11-07 12:48:32.233 [00013736] [T] LiveUpdater.UpdaterEnvironment::GetSupportedLangID()
2025-11-07 12:48:32.234 [00013736] [D] LiveUpdater.UpdaterEnvironment::UpdaterEnvironment(): Language: ES
2025-11-07 12:48:32.235 [00013736] [T] LiveUpdater.UpdaterEnvironment::GetModel()
2025-11-07 12:48:32.259 [00013736] [D] LiveUpdater.UpdaterEnvironment::UpdaterEnvironment(): Model: Aspire A315-59
2025-11-07 12:48:32.262 [00013736] [T] LiveUpdater.UpdaterEnvironment::GetBrand()
2025-11-07 12:48:32.262 [00013736] [D] LiveUpdater.UpdaterEnvironment::UpdaterEnvironment(): Brand: Acer
2025-11-07 12:48:32.265 [00013736] [T] LiveUpdater.UpdaterEnvironment::GetUpdaterVer()
2025-11-07 12:48:32.266 [00013736] [D] LiveUpdater.UpdaterEnvironment::UpdaterEnvironment(): ACC Version: ACC_4.00.3054
2025-11-07 12:48:32.268 [00013736] [T] LiveUpdater.UpdaterEnvironment::GetUpdaterDwordVer()
2025-11-07 12:48:32.268 [00013736] [D] LiveUpdater.UpdaterEnvironment::UpdaterEnvironment(): ACC DWORD Version: 67111918
2025-11-07 12:48:32.269 [00013736] [T] LiveUpdater.UpdaterEnvironment::GetSN()
2025-11-07 12:48:33.290 [00013736] [D] LiveUpdater.UpdaterEnvironment::UpdaterEnvironment(): SN: NXK6TAL019416025803400
2025-11-07 12:48:33.290 [00013736] [T] LiveUpdater.UpdaterEnvironment::GetKeyDim()
2025-11-07 12:48:33.290 [00013736] [D] LiveUpdater.UpdaterEnvironment::UpdaterEnvironment(): Local Directory: C:\ProgramData\Acer\updater2
2025-11-07 12:48:33.291 [00013736] [D] LiveUpdater.UpdaterEnvironment::UpdaterEnvironment(): FP URL: https://aluwsv2.acer.com/ServerInfo/ES/Aspire A315-59/Aspire A315-59_10M1_ES.xml
2025-11-07 12:48:33.291 [00013736] [D] LiveUpdater.UpdaterEnvironment::UpdaterEnvironment(): AP URL: https://aluwsv2.acer.com/ServerInfo/ES/ALU_APP/ALU_APP_10M1_ES.xml
2025-11-07 12:48:33.293 [00013736] [T] LiveUpdater.UpdaterEnvironment::GenPubkey()
2025-11-07 12:48:33.296 [00013736] [T] LiveUpdater.UpdaterEnvironment::GetMetaFile()
2025-11-07 12:48:33.297 [00013736] [T] LiveUpdater.UpdaterEnvironment::GetLastBootUpTime()
2025-11-07 12:48:33.449 [00013736] [D] LiveUpdate.FUB::GetFUBString()
2025-11-07 12:48:33.450 [00013736] [D] Jattt
2025-11-07 12:48:33.450 [00013736] [D] LiveUpdater.UpdaterEnvironment::UpdaterEnvironment(): FUBDLR = [FUB],FUB=IYY59,
2025-11-07 12:48:33.450 [00013736] [T] LiveUpdater.UpdaterEnvironment::GetLastBootUpTime()
2025-11-07 12:48:33.560 [00013736] [D] LiveUpdateChecker.MainWindow::InitializeCheckUpdates(): No need to be checked.
2025-11-07 12:48:33.560 [00013736] [T] LiveUpdateChecker.MainWindow::Close()
2025-11-07 12:48:33.602 [00015204] [T] LiveUpdateChecker.SingleInstance::ReleaseMutex()
2025-11-07 12:48:33.613 [00015204] [T] LiveUpdateChecker.SingleInstance::ReleaseMutex(), Exception: System.ApplicationException: El método de sincronización del objeto se ha llamado desde un bloque de códigos sin sincronizar.
   en System.Threading.Mutex.ReleaseMutex()
   en Acer.CareCenter.LiveUpdateChecker.SingleInstance.ReleaseMutex()
