2025-11-10 02:21:54.676 [00015152] [T] LiveUpdateChecker.App::App()
2025-11-10 02:21:54.684 [00015152] [T] LiveUpdateChecker.App::LoadResource()
2025-11-10 02:21:54.957 [00015152] [T] LiveUpdateChecker.App::IsSingleInstance()
2025-11-10 02:21:54.959 [00015152] [T] LiveUpdateChecker.SingleInstance::SingleInstance()
2025-11-10 02:21:55.191 [00015152] [T] LiveUpdateChecker.MainWindow::MainWindow()
2025-11-10 02:21:56.551 [00015152] [T] LiveUpdateChecker.MainWindow::Window_Initialized()
2025-11-10 02:21:56.657 [00015152] [T] LiveUpdateChecker.MainWindow::Hola()
2025-11-10 02:21:56.657 [00015152] [D] LiveUpdateChecker.MainWindow::Hola(): ACCHOLA()
2025-11-10 02:21:56.701 [00015152] [I] ACCHOLA::Program Initialization()
2025-11-10 02:21:56.712 [00015152] [I] ACCHOLA:GetSerialNumber()
2025-11-10 02:21:56.713 [00015152] [I] ACCHOLA:Get_WMI_Info()
2025-11-10 02:21:56.921 [00015152] [I] ACCHOLA:GetMachineType()
2025-11-10 02:21:57.096 [00015152] [I] ACCHOLA:ReadIni()
2025-11-10 02:21:57.096 [00015152] [I] ACCHOLA:ReadIni()::iniPath::C:\ProgramData\Acer\CareCenter\HOLA.ini
2025-11-10 02:21:57.269 [00015152] [I] ACCHOLA::Program Initialization(): No need to be checked HOLA AD Data.
2025-11-10 02:21:57.276 [00015152] [T] LiveUpdateChecker.MainWindow::InitializeCheckUpdates()
2025-11-10 02:21:57.279 [00015152] [T] LiveUpdater.UpdaterEnvironment::UpdaterEnvironment()
2025-11-10 02:21:57.296 [00015152] [T] LiveUpdater.UpdaterEnvironment::GetOSCode()
2025-11-10 02:21:57.297 [00015152] [D] LiveUpdater.UpdaterEnvironment::GetOSCode(): Version: 10.0.26100.0
2025-11-10 02:21:57.297 [00015152] [D] LiveUpdater.UpdaterEnvironment::GetOSCode(): Major Version: 10
2025-11-10 02:21:57.297 [00015152] [D] LiveUpdater.UpdaterEnvironment::GetOSCode(): Minor Version: 0
2025-11-10 02:21:57.360 [00015152] [D] LiveUpdater.UpdaterEnvironment::GetOSCode(): Can't find the matched OS code.
2025-11-10 02:21:57.360 [00015152] [D] LiveUpdater.UpdaterEnvironment::UpdaterEnvironment(): OS: 10M1
2025-11-10 02:21:57.362 [00015152] [T] LiveUpdater.UpdaterEnvironment::GetSupportedLangID()
2025-11-10 02:21:57.363 [00015152] [D] LiveUpdater.UpdaterEnvironment::UpdaterEnvironment(): Language: ES
2025-11-10 02:21:57.364 [00015152] [T] LiveUpdater.UpdaterEnvironment::GetModel()
2025-11-10 02:21:57.434 [00015152] [D] LiveUpdater.UpdaterEnvironment::UpdaterEnvironment(): Model: Aspire A315-59
2025-11-10 02:21:57.437 [00015152] [T] LiveUpdater.UpdaterEnvironment::GetBrand()
2025-11-10 02:21:57.438 [00015152] [D] LiveUpdater.UpdaterEnvironment::UpdaterEnvironment(): Brand: Acer
2025-11-10 02:21:57.441 [00015152] [T] LiveUpdater.UpdaterEnvironment::GetUpdaterVer()
2025-11-10 02:21:57.443 [00015152] [D] LiveUpdater.UpdaterEnvironment::UpdaterEnvironment(): ACC Version: ACC_4.00.3054
2025-11-10 02:21:57.445 [00015152] [T] LiveUpdater.UpdaterEnvironment::GetUpdaterDwordVer()
2025-11-10 02:21:57.445 [00015152] [D] LiveUpdater.UpdaterEnvironment::UpdaterEnvironment(): ACC DWORD Version: 67111918
2025-11-10 02:21:57.447 [00015152] [T] LiveUpdater.UpdaterEnvironment::GetSN()
2025-11-10 02:21:58.461 [00015152] [D] LiveUpdater.UpdaterEnvironment::UpdaterEnvironment(): SN: NXK6TAL019416025803400
2025-11-10 02:21:58.461 [00015152] [T] LiveUpdater.UpdaterEnvironment::GetKeyDim()
2025-11-10 02:21:58.461 [00015152] [D] LiveUpdater.UpdaterEnvironment::UpdaterEnvironment(): Local Directory: C:\ProgramData\Acer\updater2
2025-11-10 02:21:58.466 [00015152] [D] LiveUpdater.UpdaterEnvironment::UpdaterEnvironment(): FP URL: https://aluwsv2.acer.com/ServerInfo/ES/Aspire A315-59/Aspire A315-59_10M1_ES.xml
2025-11-10 02:21:58.466 [00015152] [D] LiveUpdater.UpdaterEnvironment::UpdaterEnvironment(): AP URL: https://aluwsv2.acer.com/ServerInfo/ES/ALU_APP/ALU_APP_10M1_ES.xml
2025-11-10 02:21:58.468 [00015152] [T] LiveUpdater.UpdaterEnvironment::GenPubkey()
2025-11-10 02:21:58.495 [00015152] [T] LiveUpdater.UpdaterEnvironment::GetMetaFile()
2025-11-10 02:21:58.496 [00015152] [T] LiveUpdater.UpdaterEnvironment::GetLastBootUpTime()
2025-11-10 02:21:58.836 [00015152] [D] LiveUpdate.FUB::GetFUBString()
2025-11-10 02:21:58.854 [00015152] [D] Jattt
2025-11-10 02:21:58.854 [00015152] [D] LiveUpdater.UpdaterEnvironment::UpdaterEnvironment(): FUBDLR = [FUB],FUB=IYY59,
2025-11-10 02:21:58.855 [00015152] [T] LiveUpdater.UpdaterEnvironment::GetLastBootUpTime()
2025-11-10 02:21:59.089 [00015152] [D] LiveUpdateChecker.MainWindow::InitializeCheckUpdates(): No need to be checked.
2025-11-10 02:21:59.090 [00015152] [T] LiveUpdateChecker.MainWindow::Close()
2025-11-10 02:21:59.148 [00026956] [T] LiveUpdateChecker.SingleInstance::ReleaseMutex()
2025-11-10 02:21:59.219 [00026956] [T] LiveUpdateChecker.SingleInstance::ReleaseMutex(), Exception: System.ApplicationException: El método de sincronización del objeto se ha llamado desde un bloque de códigos sin sincronizar.
   en System.Threading.Mutex.ReleaseMutex()
   en Acer.CareCenter.LiveUpdateChecker.SingleInstance.ReleaseMutex()
