2025-12-12 20:53:02.571 [00010804] [T] LiveUpdateChecker.App::App()
2025-12-12 20:53:02.577 [00010804] [T] LiveUpdateChecker.App::LoadResource()
2025-12-12 20:53:02.600 [00010804] [T] LiveUpdateChecker.App::IsSingleInstance()
2025-12-12 20:53:02.601 [00010804] [T] LiveUpdateChecker.SingleInstance::SingleInstance()
2025-12-12 20:53:02.672 [00010804] [T] LiveUpdateChecker.MainWindow::MainWindow()
2025-12-12 20:53:02.816 [00010804] [T] LiveUpdateChecker.MainWindow::Window_Initialized()
2025-12-12 20:53:02.829 [00010804] [T] LiveUpdateChecker.MainWindow::Hola()
2025-12-12 20:53:02.829 [00010804] [D] LiveUpdateChecker.MainWindow::Hola(): ACCHOLA()
2025-12-12 20:53:02.833 [00010804] [I] ACCHOLA::Program Initialization()
2025-12-12 20:53:02.840 [00010804] [I] ACCHOLA:GetSerialNumber()
2025-12-12 20:53:02.841 [00010804] [I] ACCHOLA:Get_WMI_Info()
2025-12-12 20:53:02.913 [00010804] [I] ACCHOLA:GetMachineType()
2025-12-12 20:53:03.047 [00010804] [I] ACCHOLA:ReadIni()
2025-12-12 20:53:03.047 [00010804] [I] ACCHOLA:ReadIni()::iniPath::C:\ProgramData\Acer\CareCenter\HOLA.ini
2025-12-12 20:53:03.053 [00010804] [I] ACCHOLA::Program Initialization(): No need to be checked HOLA AD Data.
2025-12-12 20:53:03.056 [00010804] [T] LiveUpdateChecker.MainWindow::InitializeCheckUpdates()
2025-12-12 20:53:03.058 [00010804] [T] LiveUpdater.UpdaterEnvironment::UpdaterEnvironment()
2025-12-12 20:53:03.064 [00010804] [T] LiveUpdater.UpdaterEnvironment::GetOSCode()
2025-12-12 20:53:03.064 [00010804] [D] LiveUpdater.UpdaterEnvironment::GetOSCode(): Version: 10.0.26200.0
2025-12-12 20:53:03.064 [00010804] [D] LiveUpdater.UpdaterEnvironment::GetOSCode(): Major Version: 10
2025-12-12 20:53:03.064 [00010804] [D] LiveUpdater.UpdaterEnvironment::GetOSCode(): Minor Version: 0
2025-12-12 20:53:03.070 [00010804] [D] LiveUpdater.UpdaterEnvironment::GetOSCode(): Can't find the matched OS code.
2025-12-12 20:53:03.070 [00010804] [D] LiveUpdater.UpdaterEnvironment::UpdaterEnvironment(): OS: 10M1
2025-12-12 20:53:03.072 [00010804] [T] LiveUpdater.UpdaterEnvironment::GetSupportedLangID()
2025-12-12 20:53:03.072 [00010804] [D] LiveUpdater.UpdaterEnvironment::UpdaterEnvironment(): Language: ES
2025-12-12 20:53:03.073 [00010804] [T] LiveUpdater.UpdaterEnvironment::GetModel()
2025-12-12 20:53:03.095 [00010804] [D] LiveUpdater.UpdaterEnvironment::UpdaterEnvironment(): Model: Aspire A315-59
2025-12-12 20:53:03.098 [00010804] [T] LiveUpdater.UpdaterEnvironment::GetBrand()
2025-12-12 20:53:03.098 [00010804] [D] LiveUpdater.UpdaterEnvironment::UpdaterEnvironment(): Brand: Acer
2025-12-12 20:53:03.101 [00010804] [T] LiveUpdater.UpdaterEnvironment::GetUpdaterVer()
2025-12-12 20:53:03.102 [00010804] [D] LiveUpdater.UpdaterEnvironment::UpdaterEnvironment(): ACC Version: ACC_4.00.3054
2025-12-12 20:53:03.104 [00010804] [T] LiveUpdater.UpdaterEnvironment::GetUpdaterDwordVer()
2025-12-12 20:53:03.104 [00010804] [D] LiveUpdater.UpdaterEnvironment::UpdaterEnvironment(): ACC DWORD Version: 67111918
2025-12-12 20:53:03.105 [00010804] [T] LiveUpdater.UpdaterEnvironment::GetSN()
2025-12-12 20:53:04.121 [00010804] [D] LiveUpdater.UpdaterEnvironment::UpdaterEnvironment(): SN: NXK6TAL019416025803400
2025-12-12 20:53:04.121 [00010804] [T] LiveUpdater.UpdaterEnvironment::GetKeyDim()
2025-12-12 20:53:04.121 [00010804] [D] LiveUpdater.UpdaterEnvironment::UpdaterEnvironment(): Local Directory: C:\ProgramData\Acer\updater2
2025-12-12 20:53:04.122 [00010804] [D] LiveUpdater.UpdaterEnvironment::UpdaterEnvironment(): FP URL: https://aluwsv2.acer.com/ServerInfo/ES/Aspire A315-59/Aspire A315-59_10M1_ES.xml
2025-12-12 20:53:04.122 [00010804] [D] LiveUpdater.UpdaterEnvironment::UpdaterEnvironment(): AP URL: https://aluwsv2.acer.com/ServerInfo/ES/ALU_APP/ALU_APP_10M1_ES.xml
2025-12-12 20:53:04.123 [00010804] [T] LiveUpdater.UpdaterEnvironment::GenPubkey()
2025-12-12 20:53:04.126 [00010804] [T] LiveUpdater.UpdaterEnvironment::GetMetaFile()
2025-12-12 20:53:04.127 [00010804] [T] LiveUpdater.UpdaterEnvironment::GetLastBootUpTime()
2025-12-12 20:53:04.232 [00010804] [D] LiveUpdate.FUB::GetFUBString()
2025-12-12 20:53:04.233 [00010804] [D] Jattt
2025-12-12 20:53:04.233 [00010804] [D] LiveUpdater.UpdaterEnvironment::UpdaterEnvironment(): FUBDLR = [FUB],FUB=IYY59,
2025-12-12 20:53:04.233 [00010804] [T] LiveUpdater.UpdaterEnvironment::GetLastBootUpTime()
2025-12-12 20:53:04.311 [00010804] [D] LiveUpdateChecker.MainWindow::InitializeCheckUpdates(): No need to be checked.
2025-12-12 20:53:04.311 [00010804] [T] LiveUpdateChecker.MainWindow::Close()
2025-12-12 20:53:04.349 [00015372] [T] LiveUpdateChecker.SingleInstance::ReleaseMutex()
2025-12-12 20:53:04.355 [00015372] [T] LiveUpdateChecker.SingleInstance::ReleaseMutex(), Exception: System.ApplicationException: El método de sincronización del objeto se ha llamado desde un bloque de códigos sin sincronizar.
   en System.Threading.Mutex.ReleaseMutex()
   en Acer.CareCenter.LiveUpdateChecker.SingleInstance.ReleaseMutex()
