2025-11-08 20:46:13.893 [00016540] [T] LiveUpdateChecker.App::App()
2025-11-08 20:46:13.910 [00016540] [T] LiveUpdateChecker.App::LoadResource()
2025-11-08 20:46:14.026 [00016540] [T] LiveUpdateChecker.App::IsSingleInstance()
2025-11-08 20:46:14.028 [00016540] [T] LiveUpdateChecker.SingleInstance::SingleInstance()
2025-11-08 20:46:14.190 [00016540] [T] LiveUpdateChecker.MainWindow::MainWindow()
2025-11-08 20:46:14.753 [00016540] [T] LiveUpdateChecker.MainWindow::Window_Initialized()
2025-11-08 20:46:14.783 [00016540] [T] LiveUpdateChecker.MainWindow::Hola()
2025-11-08 20:46:14.784 [00016540] [D] LiveUpdateChecker.MainWindow::Hola(): ACCHOLA()
2025-11-08 20:46:14.788 [00016540] [I] ACCHOLA::Program Initialization()
2025-11-08 20:46:14.804 [00016540] [I] ACCHOLA:GetSerialNumber()
2025-11-08 20:46:14.805 [00016540] [I] ACCHOLA:Get_WMI_Info()
2025-11-08 20:46:14.999 [00016540] [I] ACCHOLA:GetMachineType()
2025-11-08 20:46:15.331 [00016540] [I] ACCHOLA:ReadIni()
2025-11-08 20:46:15.331 [00016540] [I] ACCHOLA:ReadIni()::iniPath::C:\ProgramData\Acer\CareCenter\HOLA.ini
2025-11-08 20:46:15.363 [00016540] [I] ACCHOLA::Program Initialization(): No need to be checked HOLA AD Data.
2025-11-08 20:46:15.369 [00016540] [T] LiveUpdateChecker.MainWindow::InitializeCheckUpdates()
2025-11-08 20:46:15.371 [00016540] [T] LiveUpdater.UpdaterEnvironment::UpdaterEnvironment()
2025-11-08 20:46:15.394 [00016540] [T] LiveUpdater.UpdaterEnvironment::GetOSCode()
2025-11-08 20:46:15.394 [00016540] [D] LiveUpdater.UpdaterEnvironment::GetOSCode(): Version: 10.0.26100.0
2025-11-08 20:46:15.394 [00016540] [D] LiveUpdater.UpdaterEnvironment::GetOSCode(): Major Version: 10
2025-11-08 20:46:15.394 [00016540] [D] LiveUpdater.UpdaterEnvironment::GetOSCode(): Minor Version: 0
2025-11-08 20:46:15.421 [00016540] [D] LiveUpdater.UpdaterEnvironment::GetOSCode(): Can't find the matched OS code.
2025-11-08 20:46:15.421 [00016540] [D] LiveUpdater.UpdaterEnvironment::UpdaterEnvironment(): OS: 10M1
2025-11-08 20:46:15.422 [00016540] [T] LiveUpdater.UpdaterEnvironment::GetSupportedLangID()
2025-11-08 20:46:15.424 [00016540] [D] LiveUpdater.UpdaterEnvironment::UpdaterEnvironment(): Language: ES
2025-11-08 20:46:15.425 [00016540] [T] LiveUpdater.UpdaterEnvironment::GetModel()
2025-11-08 20:46:15.469 [00016540] [D] LiveUpdater.UpdaterEnvironment::UpdaterEnvironment(): Model: Aspire A315-59
2025-11-08 20:46:15.472 [00016540] [T] LiveUpdater.UpdaterEnvironment::GetBrand()
2025-11-08 20:46:15.473 [00016540] [D] LiveUpdater.UpdaterEnvironment::UpdaterEnvironment(): Brand: Acer
2025-11-08 20:46:15.478 [00016540] [T] LiveUpdater.UpdaterEnvironment::GetUpdaterVer()
2025-11-08 20:46:15.479 [00016540] [D] LiveUpdater.UpdaterEnvironment::UpdaterEnvironment(): ACC Version: ACC_4.00.3054
2025-11-08 20:46:15.482 [00016540] [T] LiveUpdater.UpdaterEnvironment::GetUpdaterDwordVer()
2025-11-08 20:46:15.482 [00016540] [D] LiveUpdater.UpdaterEnvironment::UpdaterEnvironment(): ACC DWORD Version: 67111918
2025-11-08 20:46:15.483 [00016540] [T] LiveUpdater.UpdaterEnvironment::GetSN()
2025-11-08 20:46:16.514 [00016540] [D] LiveUpdater.UpdaterEnvironment::UpdaterEnvironment(): SN: NXK6TAL019416025803400
2025-11-08 20:46:16.515 [00016540] [T] LiveUpdater.UpdaterEnvironment::GetKeyDim()
2025-11-08 20:46:16.515 [00016540] [D] LiveUpdater.UpdaterEnvironment::UpdaterEnvironment(): Local Directory: C:\ProgramData\Acer\updater2
2025-11-08 20:46:16.516 [00016540] [D] LiveUpdater.UpdaterEnvironment::UpdaterEnvironment(): FP URL: https://aluwsv2.acer.com/ServerInfo/ES/Aspire A315-59/Aspire A315-59_10M1_ES.xml
2025-11-08 20:46:16.516 [00016540] [D] LiveUpdater.UpdaterEnvironment::UpdaterEnvironment(): AP URL: https://aluwsv2.acer.com/ServerInfo/ES/ALU_APP/ALU_APP_10M1_ES.xml
2025-11-08 20:46:16.517 [00016540] [T] LiveUpdater.UpdaterEnvironment::GenPubkey()
2025-11-08 20:46:16.525 [00016540] [T] LiveUpdater.UpdaterEnvironment::GetMetaFile()
2025-11-08 20:46:16.527 [00016540] [T] LiveUpdater.UpdaterEnvironment::GetLastBootUpTime()
2025-11-08 20:46:16.762 [00016540] [D] LiveUpdate.FUB::GetFUBString()
2025-11-08 20:46:16.764 [00016540] [D] Jattt
2025-11-08 20:46:16.764 [00016540] [D] LiveUpdater.UpdaterEnvironment::UpdaterEnvironment(): FUBDLR = [FUB],FUB=IYY59,
2025-11-08 20:46:16.764 [00016540] [T] LiveUpdater.UpdaterEnvironment::GetLastBootUpTime()
2025-11-08 20:46:16.919 [00016540] [D] LiveUpdateChecker.MainWindow::InitializeCheckUpdates(): No need to be checked.
2025-11-08 20:46:16.919 [00016540] [T] LiveUpdateChecker.MainWindow::Close()
2025-11-08 20:46:17.029 [00006880] [T] LiveUpdateChecker.SingleInstance::ReleaseMutex()
2025-11-08 20:46:17.042 [00006880] [T] LiveUpdateChecker.SingleInstance::ReleaseMutex(), Exception: System.ApplicationException: El método de sincronización del objeto se ha llamado desde un bloque de códigos sin sincronizar.
   en System.Threading.Mutex.ReleaseMutex()
   en Acer.CareCenter.LiveUpdateChecker.SingleInstance.ReleaseMutex()
