2025-11-13 00:46:28.735 [00004472] [T] LiveUpdateChecker.App::App()
2025-11-13 00:46:28.743 [00004472] [T] LiveUpdateChecker.App::LoadResource()
2025-11-13 00:46:28.797 [00004472] [T] LiveUpdateChecker.App::IsSingleInstance()
2025-11-13 00:46:28.799 [00004472] [T] LiveUpdateChecker.SingleInstance::SingleInstance()
2025-11-13 00:46:28.916 [00004472] [T] LiveUpdateChecker.MainWindow::MainWindow()
2025-11-13 00:46:29.144 [00004472] [T] LiveUpdateChecker.MainWindow::Window_Initialized()
2025-11-13 00:46:29.164 [00004472] [T] LiveUpdateChecker.MainWindow::Hola()
2025-11-13 00:46:29.164 [00004472] [D] LiveUpdateChecker.MainWindow::Hola(): ACCHOLA()
2025-11-13 00:46:29.167 [00004472] [I] ACCHOLA::Program Initialization()
2025-11-13 00:46:29.177 [00004472] [I] ACCHOLA:GetSerialNumber()
2025-11-13 00:46:29.178 [00004472] [I] ACCHOLA:Get_WMI_Info()
2025-11-13 00:46:29.266 [00004472] [I] ACCHOLA:GetMachineType()
2025-11-13 00:46:29.398 [00004472] [I] ACCHOLA:ReadIni()
2025-11-13 00:46:29.398 [00004472] [I] ACCHOLA:ReadIni()::iniPath::C:\ProgramData\Acer\CareCenter\HOLA.ini
2025-11-13 00:46:29.407 [00004472] [I] ACCHOLA::Program Initialization(): No need to be checked HOLA AD Data.
2025-11-13 00:46:29.413 [00004472] [T] LiveUpdateChecker.MainWindow::InitializeCheckUpdates()
2025-11-13 00:46:29.416 [00004472] [T] LiveUpdater.UpdaterEnvironment::UpdaterEnvironment()
2025-11-13 00:46:29.432 [00004472] [T] LiveUpdater.UpdaterEnvironment::GetOSCode()
2025-11-13 00:46:29.432 [00004472] [D] LiveUpdater.UpdaterEnvironment::GetOSCode(): Version: 10.0.26100.0
2025-11-13 00:46:29.432 [00004472] [D] LiveUpdater.UpdaterEnvironment::GetOSCode(): Major Version: 10
2025-11-13 00:46:29.432 [00004472] [D] LiveUpdater.UpdaterEnvironment::GetOSCode(): Minor Version: 0
2025-11-13 00:46:29.446 [00004472] [D] LiveUpdater.UpdaterEnvironment::GetOSCode(): Can't find the matched OS code.
2025-11-13 00:46:29.446 [00004472] [D] LiveUpdater.UpdaterEnvironment::UpdaterEnvironment(): OS: 10M1
2025-11-13 00:46:29.448 [00004472] [T] LiveUpdater.UpdaterEnvironment::GetSupportedLangID()
2025-11-13 00:46:29.449 [00004472] [D] LiveUpdater.UpdaterEnvironment::UpdaterEnvironment(): Language: ES
2025-11-13 00:46:29.450 [00004472] [T] LiveUpdater.UpdaterEnvironment::GetModel()
2025-11-13 00:46:29.477 [00004472] [D] LiveUpdater.UpdaterEnvironment::UpdaterEnvironment(): Model: Aspire A315-59
2025-11-13 00:46:29.481 [00004472] [T] LiveUpdater.UpdaterEnvironment::GetBrand()
2025-11-13 00:46:29.481 [00004472] [D] LiveUpdater.UpdaterEnvironment::UpdaterEnvironment(): Brand: Acer
2025-11-13 00:46:29.485 [00004472] [T] LiveUpdater.UpdaterEnvironment::GetUpdaterVer()
2025-11-13 00:46:29.487 [00004472] [D] LiveUpdater.UpdaterEnvironment::UpdaterEnvironment(): ACC Version: ACC_4.00.3054
2025-11-13 00:46:29.489 [00004472] [T] LiveUpdater.UpdaterEnvironment::GetUpdaterDwordVer()
2025-11-13 00:46:29.489 [00004472] [D] LiveUpdater.UpdaterEnvironment::UpdaterEnvironment(): ACC DWORD Version: 67111918
2025-11-13 00:46:29.490 [00004472] [T] LiveUpdater.UpdaterEnvironment::GetSN()
2025-11-13 00:46:30.516 [00004472] [D] LiveUpdater.UpdaterEnvironment::UpdaterEnvironment(): SN: NXK6TAL019416025803400
2025-11-13 00:46:30.517 [00004472] [T] LiveUpdater.UpdaterEnvironment::GetKeyDim()
2025-11-13 00:46:30.517 [00004472] [D] LiveUpdater.UpdaterEnvironment::UpdaterEnvironment(): Local Directory: C:\ProgramData\Acer\updater2
2025-11-13 00:46:30.517 [00004472] [D] LiveUpdater.UpdaterEnvironment::UpdaterEnvironment(): FP URL: https://aluwsv2.acer.com/ServerInfo/ES/Aspire A315-59/Aspire A315-59_10M1_ES.xml
2025-11-13 00:46:30.517 [00004472] [D] LiveUpdater.UpdaterEnvironment::UpdaterEnvironment(): AP URL: https://aluwsv2.acer.com/ServerInfo/ES/ALU_APP/ALU_APP_10M1_ES.xml
2025-11-13 00:46:30.519 [00004472] [T] LiveUpdater.UpdaterEnvironment::GenPubkey()
2025-11-13 00:46:30.524 [00004472] [T] LiveUpdater.UpdaterEnvironment::GetMetaFile()
2025-11-13 00:46:30.525 [00004472] [T] LiveUpdater.UpdaterEnvironment::GetLastBootUpTime()
2025-11-13 00:46:30.657 [00004472] [D] LiveUpdate.FUB::GetFUBString()
2025-11-13 00:46:30.658 [00004472] [D] Jattt
2025-11-13 00:46:30.658 [00004472] [D] LiveUpdater.UpdaterEnvironment::UpdaterEnvironment(): FUBDLR = [FUB],FUB=IYY59,
2025-11-13 00:46:30.659 [00004472] [T] LiveUpdater.UpdaterEnvironment::GetLastBootUpTime()
2025-11-13 00:46:30.750 [00004472] [D] LiveUpdateChecker.MainWindow::InitializeCheckUpdates(): No need to be checked.
2025-11-13 00:46:30.751 [00004472] [T] LiveUpdateChecker.MainWindow::Close()
2025-11-13 00:46:30.800 [00001460] [T] LiveUpdateChecker.SingleInstance::ReleaseMutex()
2025-11-13 00:46:30.811 [00001460] [T] LiveUpdateChecker.SingleInstance::ReleaseMutex(), Exception: System.ApplicationException: El método de sincronización del objeto se ha llamado desde un bloque de códigos sin sincronizar.
   en System.Threading.Mutex.ReleaseMutex()
   en Acer.CareCenter.LiveUpdateChecker.SingleInstance.ReleaseMutex()
