2026-01-05 11:54:29.733 [00027820] [T] LiveUpdateChecker.App::App()
2026-01-05 11:54:29.738 [00027820] [T] LiveUpdateChecker.App::LoadResource()
2026-01-05 11:54:29.767 [00027820] [T] LiveUpdateChecker.App::IsSingleInstance()
2026-01-05 11:54:29.769 [00027820] [T] LiveUpdateChecker.SingleInstance::SingleInstance()
2026-01-05 11:54:29.862 [00027820] [T] LiveUpdateChecker.MainWindow::MainWindow()
2026-01-05 11:54:30.049 [00027820] [T] LiveUpdateChecker.MainWindow::Window_Initialized()
2026-01-05 11:54:30.069 [00027820] [T] LiveUpdateChecker.MainWindow::Hola()
2026-01-05 11:54:30.069 [00027820] [D] LiveUpdateChecker.MainWindow::Hola(): ACCHOLA()
2026-01-05 11:54:30.074 [00027820] [I] ACCHOLA::Program Initialization()
2026-01-05 11:54:30.083 [00027820] [I] ACCHOLA:GetSerialNumber()
2026-01-05 11:54:30.084 [00027820] [I] ACCHOLA:Get_WMI_Info()
2026-01-05 11:54:30.165 [00027820] [I] ACCHOLA:GetMachineType()
2026-01-05 11:54:30.287 [00027820] [I] ACCHOLA:ReadIni()
2026-01-05 11:54:30.287 [00027820] [I] ACCHOLA:ReadIni()::iniPath::C:\ProgramData\Acer\CareCenter\HOLA.ini
2026-01-05 11:54:30.295 [00027820] [I] ACCHOLA::Program Initialization(): No need to be checked HOLA AD Data.
2026-01-05 11:54:30.299 [00027820] [T] LiveUpdateChecker.MainWindow::InitializeCheckUpdates()
2026-01-05 11:54:30.302 [00027820] [T] LiveUpdater.UpdaterEnvironment::UpdaterEnvironment()
2026-01-05 11:54:30.310 [00027820] [T] LiveUpdater.UpdaterEnvironment::GetOSCode()
2026-01-05 11:54:30.310 [00027820] [D] LiveUpdater.UpdaterEnvironment::GetOSCode(): Version: 10.0.26200.0
2026-01-05 11:54:30.311 [00027820] [D] LiveUpdater.UpdaterEnvironment::GetOSCode(): Major Version: 10
2026-01-05 11:54:30.311 [00027820] [D] LiveUpdater.UpdaterEnvironment::GetOSCode(): Minor Version: 0
2026-01-05 11:54:30.319 [00027820] [D] LiveUpdater.UpdaterEnvironment::GetOSCode(): Can't find the matched OS code.
2026-01-05 11:54:30.320 [00027820] [D] LiveUpdater.UpdaterEnvironment::UpdaterEnvironment(): OS: 10M1
2026-01-05 11:54:30.322 [00027820] [T] LiveUpdater.UpdaterEnvironment::GetSupportedLangID()
2026-01-05 11:54:30.322 [00027820] [D] LiveUpdater.UpdaterEnvironment::UpdaterEnvironment(): Language: ES
2026-01-05 11:54:30.323 [00027820] [T] LiveUpdater.UpdaterEnvironment::GetModel()
2026-01-05 11:54:30.355 [00027820] [D] LiveUpdater.UpdaterEnvironment::UpdaterEnvironment(): Model: Aspire A315-59
2026-01-05 11:54:30.359 [00027820] [T] LiveUpdater.UpdaterEnvironment::GetBrand()
2026-01-05 11:54:30.360 [00027820] [D] LiveUpdater.UpdaterEnvironment::UpdaterEnvironment(): Brand: Acer
2026-01-05 11:54:30.364 [00027820] [T] LiveUpdater.UpdaterEnvironment::GetUpdaterVer()
2026-01-05 11:54:30.366 [00027820] [D] LiveUpdater.UpdaterEnvironment::UpdaterEnvironment(): ACC Version: ACC_4.00.3054
2026-01-05 11:54:30.368 [00027820] [T] LiveUpdater.UpdaterEnvironment::GetUpdaterDwordVer()
2026-01-05 11:54:30.368 [00027820] [D] LiveUpdater.UpdaterEnvironment::UpdaterEnvironment(): ACC DWORD Version: 67111918
2026-01-05 11:54:30.369 [00027820] [T] LiveUpdater.UpdaterEnvironment::GetSN()
2026-01-05 11:54:31.385 [00027820] [D] LiveUpdater.UpdaterEnvironment::UpdaterEnvironment(): SN: NXK6TAL019416025803400
2026-01-05 11:54:31.385 [00027820] [T] LiveUpdater.UpdaterEnvironment::GetKeyDim()
2026-01-05 11:54:31.385 [00027820] [D] LiveUpdater.UpdaterEnvironment::UpdaterEnvironment(): Local Directory: C:\ProgramData\Acer\updater2
2026-01-05 11:54:31.386 [00027820] [D] LiveUpdater.UpdaterEnvironment::UpdaterEnvironment(): FP URL: https://aluwsv2.acer.com/ServerInfo/ES/Aspire A315-59/Aspire A315-59_10M1_ES.xml
2026-01-05 11:54:31.386 [00027820] [D] LiveUpdater.UpdaterEnvironment::UpdaterEnvironment(): AP URL: https://aluwsv2.acer.com/ServerInfo/ES/ALU_APP/ALU_APP_10M1_ES.xml
2026-01-05 11:54:31.387 [00027820] [T] LiveUpdater.UpdaterEnvironment::GenPubkey()
2026-01-05 11:54:31.391 [00027820] [T] LiveUpdater.UpdaterEnvironment::GetMetaFile()
2026-01-05 11:54:31.392 [00027820] [T] LiveUpdater.UpdaterEnvironment::GetLastBootUpTime()
2026-01-05 11:54:31.546 [00027820] [D] LiveUpdate.FUB::GetFUBString()
2026-01-05 11:54:31.546 [00027820] [D] Jattt
2026-01-05 11:54:31.547 [00027820] [D] LiveUpdater.UpdaterEnvironment::UpdaterEnvironment(): FUBDLR = [FUB],FUB=IYY59,
2026-01-05 11:54:31.547 [00027820] [T] LiveUpdater.UpdaterEnvironment::GetLastBootUpTime()
2026-01-05 11:54:31.669 [00027820] [D] LiveUpdateChecker.MainWindow::InitializeCheckUpdates(): No need to be checked.
2026-01-05 11:54:31.669 [00027820] [T] LiveUpdateChecker.MainWindow::Close()
2026-01-05 11:54:31.715 [00001804] [T] LiveUpdateChecker.SingleInstance::ReleaseMutex()
2026-01-05 11:54:31.725 [00001804] [T] LiveUpdateChecker.SingleInstance::ReleaseMutex(), Exception: System.ApplicationException: El método de sincronización del objeto se ha llamado desde un bloque de códigos sin sincronizar.
   en System.Threading.Mutex.ReleaseMutex()
   en Acer.CareCenter.LiveUpdateChecker.SingleInstance.ReleaseMutex()
