2026-05-10 19:15:49.661 [00008584] [T] LiveUpdateChecker.App::App()
2026-05-10 19:15:49.673 [00008584] [T] LiveUpdateChecker.App::LoadResource()
2026-05-10 19:15:49.811 [00008584] [T] LiveUpdateChecker.App::IsSingleInstance()
2026-05-10 19:15:49.812 [00008584] [T] LiveUpdateChecker.SingleInstance::SingleInstance()
2026-05-10 19:15:49.934 [00008584] [T] LiveUpdateChecker.MainWindow::MainWindow()
2026-05-10 19:15:50.190 [00008584] [T] LiveUpdateChecker.MainWindow::Window_Initialized()
2026-05-10 19:15:50.205 [00008584] [T] LiveUpdateChecker.MainWindow::Hola()
2026-05-10 19:15:50.205 [00008584] [D] LiveUpdateChecker.MainWindow::Hola(): ACCHOLA()
2026-05-10 19:15:50.220 [00008584] [I] ACCHOLA::Program Initialization()
2026-05-10 19:15:50.234 [00008584] [I] ACCHOLA:GetSerialNumber()
2026-05-10 19:15:50.235 [00008584] [I] ACCHOLA:Get_WMI_Info()
2026-05-10 19:15:50.282 [00008584] [I] ACCHOLA:GetMachineType()
2026-05-10 19:15:50.322 [00008584] [I] ACCHOLA:ReadIni()
2026-05-10 19:15:50.322 [00008584] [I] ACCHOLA:ReadIni()::iniPath::C:\ProgramData\Acer\CareCenter\HOLA.ini
2026-05-10 19:15:50.329 [00008584] [I] ACCHOLA::Program Initialization(): No need to be checked HOLA AD Data.
2026-05-10 19:15:50.330 [00008584] [T] LiveUpdateChecker.MainWindow::InitializeCheckUpdates()
2026-05-10 19:15:50.331 [00008584] [T] LiveUpdater.UpdaterEnvironment::UpdaterEnvironment()
2026-05-10 19:15:50.352 [00008584] [T] LiveUpdater.UpdaterEnvironment::GetOSCode()
2026-05-10 19:15:50.352 [00008584] [D] LiveUpdater.UpdaterEnvironment::GetOSCode(): Version: 10.0.26200.0
2026-05-10 19:15:50.352 [00008584] [D] LiveUpdater.UpdaterEnvironment::GetOSCode(): Major Version: 10
2026-05-10 19:15:50.352 [00008584] [D] LiveUpdater.UpdaterEnvironment::GetOSCode(): Minor Version: 0
2026-05-10 19:15:50.372 [00008584] [D] LiveUpdater.UpdaterEnvironment::GetOSCode(): Can't find the matched OS code.
2026-05-10 19:15:50.372 [00008584] [D] LiveUpdater.UpdaterEnvironment::UpdaterEnvironment(): OS: 10M1
2026-05-10 19:15:50.372 [00008584] [T] LiveUpdater.UpdaterEnvironment::GetSupportedLangID()
2026-05-10 19:15:50.373 [00008584] [D] LiveUpdater.UpdaterEnvironment::UpdaterEnvironment(): Language: ES
2026-05-10 19:15:50.373 [00008584] [T] LiveUpdater.UpdaterEnvironment::GetModel()
2026-05-10 19:15:50.387 [00008584] [D] LiveUpdater.UpdaterEnvironment::UpdaterEnvironment(): Model: Aspire A315-59
2026-05-10 19:15:50.388 [00008584] [T] LiveUpdater.UpdaterEnvironment::GetBrand()
2026-05-10 19:15:50.388 [00008584] [D] LiveUpdater.UpdaterEnvironment::UpdaterEnvironment(): Brand: Acer
2026-05-10 19:15:50.389 [00008584] [T] LiveUpdater.UpdaterEnvironment::GetUpdaterVer()
2026-05-10 19:15:50.390 [00008584] [D] LiveUpdater.UpdaterEnvironment::UpdaterEnvironment(): ACC Version: ACC_4.00.0000
2026-05-10 19:15:50.390 [00008584] [T] LiveUpdater.UpdaterEnvironment::GetUpdaterDwordVer()
2026-05-10 19:15:50.390 [00008584] [D] LiveUpdater.UpdaterEnvironment::UpdaterEnvironment(): ACC DWORD Version: 0
2026-05-10 19:15:50.391 [00008584] [T] LiveUpdater.UpdaterEnvironment::GetSN()
2026-05-10 19:15:51.406 [00008584] [D] LiveUpdater.UpdaterEnvironment::UpdaterEnvironment(): SN: NXK6TAL019416025803400
2026-05-10 19:15:51.406 [00008584] [T] LiveUpdater.UpdaterEnvironment::GetKeyDim()
2026-05-10 19:15:51.406 [00008584] [D] LiveUpdater.UpdaterEnvironment::UpdaterEnvironment(): Local Directory: C:\ProgramData\Acer\updater2
2026-05-10 19:15:51.407 [00008584] [D] LiveUpdater.UpdaterEnvironment::UpdaterEnvironment(): FP URL: https://aluwsv2.acer.com/ServerInfo/ES/Aspire A315-59/Aspire A315-59_10M1_ES.xml
2026-05-10 19:15:51.407 [00008584] [D] LiveUpdater.UpdaterEnvironment::UpdaterEnvironment(): AP URL: https://aluwsv2.acer.com/ServerInfo/ES/ALU_APP/ALU_APP_10M1_ES.xml
2026-05-10 19:15:51.408 [00008584] [T] LiveUpdater.UpdaterEnvironment::GenPubkey()
2026-05-10 19:15:51.412 [00008584] [T] LiveUpdater.UpdaterEnvironment::GetMetaFile()
2026-05-10 19:15:51.413 [00008584] [T] LiveUpdater.UpdaterEnvironment::GetLastBootUpTime()
2026-05-10 19:15:51.513 [00008584] [D] LiveUpdate.FUB::GetFUBString()
2026-05-10 19:15:51.514 [00008584] [D] Jattt
2026-05-10 19:15:51.514 [00008584] [D] LiveUpdater.UpdaterEnvironment::UpdaterEnvironment(): FUBDLR = [FUB],FUB=IYY59,
2026-05-10 19:15:51.514 [00008584] [T] LiveUpdater.UpdaterEnvironment::GetLastBootUpTime()
2026-05-10 19:15:51.599 [00008584] [D] LiveUpdateChecker.MainWindow::InitializeCheckUpdates(): No need to be checked.
2026-05-10 19:15:51.599 [00008584] [T] LiveUpdateChecker.MainWindow::Close()
2026-05-10 19:15:51.662 [00010068] [T] LiveUpdateChecker.SingleInstance::ReleaseMutex()
2026-05-10 19:15:51.695 [00010068] [T] LiveUpdateChecker.SingleInstance::ReleaseMutex(), Exception: System.ApplicationException: El método de sincronización del objeto se ha llamado desde un bloque de códigos sin sincronizar.
   en System.Threading.Mutex.ReleaseMutex()
   en Acer.CareCenter.LiveUpdateChecker.SingleInstance.ReleaseMutex()
